0033
002a
0029
0029
0028
0027
0027
0027
0028
0028
0027
0027
0029
002a
002a
0028
0028
0028
0029
002c
002d
002c
002c
002d
002f
002f
0031
0030
002f
0030
0031
0031
0033
0031
0032
0034
0034
0036
0038
0037
0037
0037
0037
0039
0038
0038
0038
0037
0039
003b
003b
003b
003b
003b
003d
003d
003e
003a
0039
003b
003c
003e
003e
003d
003c
003d
003d
003e
0040
003f
003e
0044
0045
003b
0020
0000
0000
0000
0000
0000
0000
0029
005b
0065
0055
0049
0048
004b
004e
004e
004d
004f
004f
0051
0052
0055
0056
0057
0059
005a
005a
005b
005e
0060
0063
0062
0063
0063
0067
0067
006a
006a
0069
006a
006e
0072
0075
0074
0073
0072
0074
0078
007c
007d
007d
007c
0079
0079
0073
006f
0067
0064
0062
0061
005f
005c
005a
0059
005c
005b
005b
005b
0059
0059
005a
005c
005c
0059
0057
0057
0058
0059
0059
005a
0059
005a
005b
005c
0013
0001
000e
0000
0000
0000
0000
0000
0000
0000
0001
0000
0000
0000
0000
0000
0001
0000
0000
0000
0000
0000
0000
0000
0000
0000
0000
0000
0000
0000
0000
0000
0000
0000
0001
0001
0000
0001
0001
0000
0000
0000
0000
0000
0000
0000
0002
0002
0000
0000
0002
0001
0001
0000
0000
0000
0000
0001
0002
0000
0000
0000
0000
0001
0001
0001
0000
0000
0000
0000
0002
0001
0001
0000
0002
0005
0002
0000
0000
0000
0000
0000
0000
0000
0010
0019
000c
0001
0000
0002
0002
0003
0002
0003
0002
0002
0003
0003
0003
0003
0004
0004
0003
0003
0003
0005
0004
0004
0004
0004
0003
0005
0005
0005
0005
0003
0004
0004
0006
0007
0005
0005
0005
0005
0007
0006
0006
0004
0004
0005
0005
0004
0003
0003
0002
0002
0002
0004
0002
0003
0003
0004
0005
0004
0003
0003
0003
0003
0005
0004
0001
0002
0002
0003
0003
0003
0002
0002
0002
0003
000c
0000
001d
0038
0038
0038
0039
0038
0036
0036
0036
0038
0037
0037
0038
003a
003c
003d
003e
003d
003d
003e
0040
0041
0042
0041
0041
0043
0045
0047
0048
0047
0048
0047
0049
0049
004a
004b
004b
004d
0050
0050
0051
0051
0051
0052
0052
0055
0054
0053
0054
0056
0057
0058
0058
0058
005a
005b
005b
005b
0059
0059
0059
005b
005b
005b
005b
005b
005a
005b
005d
005e
005e
0062
0064
0065
005b
003c
000b
0000
0000
0000
0000
0000
0000
0042
0071
007c
0077
0074
0076
0078
007b
007a
007b
007c
007f
0081
0084
0086
0089
008b
008c
008f
0093
0096
0099
009c
009e
009e
00a1
00a1
00a7
00a8
00aa
00ab
00ad
00b0
00b6
00b9
00bc
00bd
00bd
00c0
00c2
00c9
00cc
00ce
00ca
00c9
00c8
00c2
00b9
00b1
00a9
00a4
00a0
009b
0097
0094
0093
0093
0093
0093
0092
0091
0091
0092
0093
0093
0091
008d
008b
008b
008b
008d
008e
008e
0090
0091
007b
004e
0017
000e
000e
000d
000d
000e
000d
000e
000e
000e
000e
000d
000f
0010
0012
0010
000f
000f
000f
0010
0011
0010
0010
0010
0011
0012
0013
0012
0012
0012
0012
0013
0014
0014
0014
0014
0013
0013
0014
0015
0014
0014
0014
0015
0015
0015
0015
0015
0015
0016
0017
0016
0016
0016
0016
0017
0017
0016
0015
0016
0016
0016
0017
0016
0015
0015
0015
0016
0019
0018
0017
001a
001b
0019
0011
0000
0000
0000
0000
0000
0000
0007
0021
0030
0028
001c
001b
001d
001f
001e
001d
001f
001e
001e
001f
0021
0020
0021
0021
0022
0022
0023
0025
0026
0026
0026
0026
0026
0028
0029
0029
002a
0029
0029
0029
002b
002d
002f
002f
002d
002d
0031
0032
0032
0032
0031
0031
0030
002f
002d
0027
0027
0026
0025
0025
0025
0023
0022
0023
0024
0025
0024
0021
0021
0023
0025
0026
0022
0021
0020
0020
0020
0021
0022
0022
0022
0023
0023
0016
0000
0005
0006
0006
0007
0008
0006
0008
0007
0007
0007
0007
0008
0006
0006
0007
0008
0007
0008
0009
0007
0006
0007
0007
0007
0007
0006
0007
0007
0006
0007
0007
0007
0007
0008
0008
0007
0008
0006
0006
0006
0006
0006
0006
0006
0006
0007
0008
0007
0009
0007
0006
0006
0007
0007
0006
0006
0007
0008
0008
0008
0005
0005
0007
0007
0008
0007
0007
0007
0007
0009
0009
0007
0007
0006
000a
000f
0014
0015
000e
0007
0001
0000
0000
0000
0003
000b
0009
0008
0006
0007
0007
0007
0008
0008
0007
0006
0008
0009
0008
0009
0008
0008
0007
0007
0009
0007
0009
000a
0009
0009
0008
000a
000a
000a
000b
0008
0008
0008
000b
000b
000a
000a
0009
0008
0009
000a
000c
000b
0009
000c
000d
000b
000b
000a
000a
000b
000a
0009
0009
0008
0008
0009
0009
0008
0007
0007
0007
0009
0009
0009
0009
000a
0009
0009
0009
0009
0008
0008
000f
0023
0013
0007
0007
0007
0007
0006
0006
0007
0007
0007
0007
0007
0008
0008
0007
0005
0005
0005
0005
0006
0007
0006
0005
0006
0008
0009
0009
0008
0007
0008
0008
0009
0008
0009
0008
0009
0008
0009
0008
0008
0008
0008
0008
000a
000b
0007
0008
0009
0009
0009
0009
0009
0009
0009
0009
000b
0007
0006
0007
0008
000a
0009
0009
0007
0007
0006
0008
000b
000a
0009
0009
000b
000d
0005
0000
0000
0000
0000
0000
0000
0014
0034
0043
002f
000f
0004
0007
000d
000d
000c
000c
000c
000b
000c
000e
000e
000f
000e
000f
000d
000e
000f
000e
000f
0010
0010
000f
000e
000f
0011
0011
000f
000f
0010
0011
0014
0014
0013
0010
000f
0010
0013
0014
0014
0013
0010
0010
000e
000f
000b
0008
0008
0009
000b
000a
0009
0009
000a
000c
000d
000c
000b
000b
000b
000d
000e
000d
000b
0009
000b
000c
000d
000d
000e
000c
000d
000d
000d
0000
0000
0000
0000
0000
0000
0000
0000
0000
0000
0000
0000
0000
0000
0000
0000
0000
0000
0000
0000
0000
0000
0000
0000
0000
0000
0000
0000
0000
0000
0000
0000
0000
0000
0000
0000
0000
0000
0000
0000
0000
0000
0000
0000
0000
0000
0000
0000
0000
0000
0000
0000
0000
0000
0000
0000
0000
0000
0000
0000
0000
0000
0000
0000
0000
0000
0000
0000
0000
0000
0000
0000
0000
0000
0000
0000
0000
0000
0000
000a
0044
006a
0073
0060
0031
0000
0000
0000
0000
0000
0000
0000
0000
0000
0000
0000
0000
0000
0000
0000
0000
0000
0000
0000
0000
0000
0000
0000
0000
0000
0000
0000
0000
0000
0000
0000
0000
0000
0000
0000
0000
0000
0000
0000
0000
0000
0000
0000
0000
0000
0000
0000
0000
0000
0000
0000
0000
0000
0000
0000
0000
0000
0000
0000
0000
0000
0000
0000
0000
0000
0000
0000
0000
0000
0000
0000
0000
0000
0000
0000
0000
0000
0000
0000
0000
0000
0000
0000
0000
0000
0000
0000
0000
0000
0000
0000
0000
0000
0000
0000
0000
0000
0000
0000
0000
0000
0000
0000
0000
0000
0000
0000
0000
0000
0000
0000
0000
0000
0000
0000
0000
0000
0000
0000
0000
0000
0000
0000
0000
0000
0000
0000
0000
0000
0000
0000
0000
0000
0000
0000
0000
0000
0000
0000
0000
0000
0000
0000
0000
0000
0000
0000
0000
0000
0000
0000
0000
000a
0027
0039
0037
0024
0009
0000
0000
0000
0000
0000
0000
0000
0000
0000
0000
0000
0000
0000
0000
0000
0000
0000
0000
0000
0000
0000
0000
0000
0000
0000
0000
0000
0000
0000
0000
0000
0000
0000
0000
0000
0000
0000
0000
0000
0000
0000
0000
0000
0000
0000
0000
0000
0000
0000
0000
0000
0000
0000
0000
0000
0000
0000
0000
0000
0000
0000
0000
0000
0000
0000
0000
0000
0000
0000
0000
0000
0000
0000
0000
0000
0000
0000
0000
0025
