0.218744
-0.174122
-0.445329
0.115065
-0.319152
0.099556
0.640056
-0.117870
-0.589010
0.514432
-0.018735
-0.328665
0.415311
-0.333040
0.308087
0.462255
-0.390907
-0.595206
0.209082
0.372333
0.159000
-0.860597
0.175546
0.028324
-0.042154
-0.393108
-0.089614
-0.181905
-0.006749
-0.134750
-0.199350
0.118504
-0.428490
0.351790
-0.193510
0.357623
0.000805
0.419860
0.154416
0.221709
0.083152
0.329627
0.268010
-0.366412
-0.333239
0.375199
0.422581
-0.267111
-0.703364
-0.242218
0.239350
0.258652
-0.327234
-0.685376
0.517332
-0.237039
-0.378246
-0.492758
0.254891
0.482871
-0.405568
-0.411339
-0.272604
0.055510
-0.002793
0.425874
0.214695
-0.678454
-0.081002
-0.254802
-0.304353
0.384199
-0.252409
-0.058539
-0.275761
-0.325319
0.264683
0.519739
-0.385041
-0.316486
0.023720
-0.292309
-0.191875
-0.217530
-0.069131
0.365720
0.180983
-0.004712
-0.007147
0.194506
0.009228
0.371809
-0.654868
-0.357462
-1.086267
-0.293082
0.105579
-0.081677
-0.054817
0.071147
-0.283127
-0.171030
0.491605
0.112047
-0.465500
-0.134352
-0.413238
-0.597637
0.245217
0.396955
-0.483446
0.352750
0.334118
-0.194819
0.022148
0.054285
-0.477119
-0.511460
0.055469
0.321214
0.281002
-0.552974
0.465261
0.244509
-0.347811
0.223502
-0.210341
-0.341374
0.427806
0.083819
-0.296744
0.150650
0.057161
-0.036626
-0.392764
0.259308
0.176707
0.303071
-0.079822
0.388438
0.335545
-0.004512
-0.176290
0.114896
-0.279298
0.257190
-0.202836
0.065287
-0.528500
0.022717
-0.439880
0.405257
-0.131574
0.360395
-0.340066
-0.719840
-0.004430
0.029072
-0.078061
0.453332
